% -------------------------------------------------------------------
%  Generated by MATLAB on 5-Dec-2017 10:11:14
%  MATLAB version: 9.3.0.713579 (R2017b)
% -------------------------------------------------------------------
                                           

x_desired_static = [0.5; 0.50019107576250632; 0.501482308414316; 0.50484822786068306; ...
             0.5111289745455182; 0.52103203355234373; 0.53513255727933007; ...
             0.55387188766448781; 0.57755382505502073; 0.60633839088895158; ...
             0.64023327337309532; 0.67908377495956762; 0.7225628146118751; ...
             0.77016326286137682; 0.82119545826197848; 0.87479300203435273; ...
             0.92992968739010273; 0.9854495696389276; 1.0401106992616365; ...
             1.0926410463619733; 1.14180293384009; 1.1864603026840457; ...
             1.2256418469416639; 1.2585928941410529; 1.2848100682624748; ...
             1.3040551386094121; 1.3163475817050823; 1.321938585284677; ...
             1.321271777299786; 1.3149373088057166; 1.3036258297170193; ...
             1.2880875311043321; 1.269099264572676; 1.2474404153383041; ...
             1.2238762791094326; 1.1991465459329771; 1.1739562242963939; ...
             1.1489667968605044; 1.1247862861825533; 1.1019578944745088; ...
             1.0809477020401759; 1.0621324181896792; 1.045788348976854; ...
             1.032082636844954; 1.0210675360008081; 1.0126781090355035; ...
             1.0067333314220508; 1.002940201683763; 1.0009000777579926; ...
             1.0001160799586488; 1];

