% -------------------------------------------------------------------
%  Generated by MATLAB on 5-Dec-2017 10:11:27
%  MATLAB version: 9.3.0.713579 (R2017b)
% -------------------------------------------------------------------
                                           

y_desired_static = [0.25; 0.2500304859738966; 0.25023678907294761; 0.25077693124973466; ...
             0.25179398006671239; 0.25342192416389175; 0.25579166456865593; ...
             0.25903625142309772; 0.26329464951579562; 0.26871345457990309; ...
             0.27544611714522821; 0.28364938247753058; 0.29347685176014526; ...
             0.30506983945709332; 0.31854606137747765; 0.33398712692470306; ...
             0.35142627535881971; 0.37083818944154723; 0.39213290177659177; ...
             0.415155633420769; 0.4396937687781044; 0.46549107558908848; ...
             0.49226786941067735; 0.5197443908342152; 0.5476635947238162; ...
             0.57580921091696724; 0.604015544515679; 0.63216700922381108; ...
             0.660187517002816; 0.68802205879393463; 0.71561452333238462; ...
             0.74288655867335107; 0.769721899601048; 0.79595920364904882; ...
             0.82139446686599549; 0.84579206301868259; 0.86890186138925052; ...
             0.89047904752844664; 0.91030327866274663; 0.92819451105903927; ...
             0.94402395800703154; 0.95771984958652212; 0.96926869103164393; ...
             0.97871337885709941; 0.98614977422732608; 0.9917231950905816; ...
             0.99562588561367416; 0.998095998055805; 0.99941811966150951; ...
             0.99992500576990284; 1.0000000000000002];

