% -------------------------------------------------------------------
%  Generated by MATLAB on 5-Dec-2017 10:12:05
%  MATLAB version: 9.3.0.713579 (R2017b)
% -------------------------------------------------------------------
                                           

z_desired_static = [1.5; 1.4999525691182023; 1.499631212061006; 1.4987866805605528; ...
             1.497184305998543; 1.494587331054646; 1.4907395399161818; ...
             1.485349585052556; 1.4780789658368576; 1.4685352898787776; ...
             1.4562722000318233; 1.4407971042917436; 1.421587506368837; ...
             1.3981162052016463; 1.3698848433137119; 1.3364642266409856; ...
             1.2975385879012762; 1.2529496961866169; 1.2027356893620136; ...
             1.1471590302873975; 1.0867183423360156; 1.0221402259341525; ...
             0.9543494578416809; 0.884418947467218; 0.81350396688906168; ...
             0.74276785392753708; 0.67330800566567417; 0.60609111932666926; ...
             0.54190520350624949; 0.48133314316568304; 0.42474912634377182; ...
             0.37233575270203589; 0.3241168316067205; 0.27999922290711438; ...
             0.23981675435838384; 0.20337013220574496; 0.17045847893734545; ...
             0.14090021073465364; 0.11454295597569067; 0.091263784554258764; ...
             0.070961999356203787; 0.053547126663891664; 0.038924636312607674; ...
             0.026981486794764753; 0.017572991776000857; 0.01051187912375795; ...
             0.0055598534241083075; 0.0024215278642634175; 0.00074028104288292873; ...
             9.542149630670238E-5; -5.5511151231257827E-17];

